settings your_botid 1
settings field_columns 7
settings field_rows 6

0,0,0,0,0,0,0;
0,0,0,0,0,0,0;
0,0,0,0,0,0,0;
0,0,0,0,0,0,0;
0,0,0,0,0,0,0;
1,0,2,0,0,0,0

update game field 0,0,0,0,0,0,0;0,0,0,0,0,0,0;0,0,0,0,0,0,0;0,0,0,0,0,0,0;0,0,0,0,0,0,0;0,0,0,0,0,0,0

0,0,0,0,0,0,0;
0,0,0,0,0,0,0;
0,0,0,0,0,0,0;
0,0,0,0,0,0,0;
1,0,2,0,0,0,0;
1,0,2,0,0,0,0

update game field 0,0,0,0,0,0,0;0,0,0,0,0,0,0;0,0,0,0,0,0,0;0,0,0,0,0,0,0;1,0,2,0,0,0,0;1,0,2,0,0,0,0

0,0,0,0,0,0,0;
0,0,0,0,0,0,0;
2,0,0,0,0,0,0;
1,0,0,0,0,0,0;
1,0,2,0,0,0,0;
1,0,2,0,0,0,0

update game field 0,0,0,0,0,0,0;0,0,0,0,0,0,0;2,0,0,0,0,0,0;1,0,0,0,0,0,0;1,0,2,0,0,0,0;1,0,2,0,0,0,0


0,0,0,0,0,0,0;
0,0,0,0,0,0,0;
2,0,0,0,0,0,0;
1,0,2,0,0,0,0;
1,0,2,0,0,0,0;
1,0,2,0,1,0,0

update game field 0,0,0,0,0,0,0;0,0,0,0,0,0,0;2,0,0,0,0,0,0;1,0,2,0,0,0,0;1,0,2,0,0,0,0;1,0,2,0,1,0,0


0,0,0,0,0,0,0;
0,0,0,0,0,0,0;
2,0,2,0,0,0,0;
1,0,2,0,0,0,0;
1,0,2,0,0,0,0;
1,1,2,0,1,0,0

update game field 0,0,0,0,0,0,0;0,0,0,0,0,0,0;2,0,2,0,0,0,0;1,0,2,0,0,0,0;1,0,2,0,0,0,0;1,1,2,0,1,0,0


0,0,0,0,0,0,0;
0,0,0,0,0,0,0;
2,0,2,0,0,0,0;
1,0,2,0,0,0,0;
1,0,2,0,0,0,0;
1,1,2,1,1,1,1

update game field 0,0,0,0,0,0,0;0,0,0,0,0,0,0;2,0,2,0,0,0,0;1,0,2,0,0,0,0;1,0,2,0,0,0,0;1,1,2,1,1,1,1



0,0,0,0,0,0,0;
0,0,0,0,0,0,0;
0,0,0,0,0,0,0;
0,0,0,0,0,0,0;
0,0,0,0,0,0,0;
0,0,0,2,2,2,2

update game field 0,0,0,0,0,0,0;0,0,0,0,0,0,0;0,0,0,0,0,0,0;0,0,0,0,0,0,0;0,0,0,0,0,0,0;0,0,0,2,2,2,2


update game field 0,0,0,0,0,0,0;0,0,0,0,0,0,0;0,0,0,0,0,0,0;0,0,0,0,0,0,0;0,0,0,0,0,0,0;0,0,0,1,1,1,1
j
 j+1
000000  i
000000  i + 1
000000   ...
000002   
000002
000002
000002

